A1	A2	Dbest	Alpha	Beta	Penal	Wa	Wb	Wpenal
Al	Al	3.2	-0.02	1.0	10.0	1.0	1.0	1.0
Al	Br	3.2	1.0	1.0	10.0	1.0	1.0	1.0
Al	C.1	3.6	0.01	1.0	10.0	1.0	1.0	1.0
Al	C.2	3.6	0.01	1.0	10.0	1.0	1.0	1.0
Al	C.3	3.6	0.01	1.0	10.0	1.0	1.0	1.0
Al	Ca	3.2	-0.02	1.0	10.0	1.0	1.0	1.0
Al	C.ar	3.6	0.01	1.0	10.0	1.0	1.0	1.0
Al	C.cat	3.2	-0.02	1.0	10.0	1.0	1.0	1.0
Al	Cl	3.2	1.0	1.0	10.0	1.0	1.0	1.0
Al	Co.oh	3.2	-0.02	1.0	10.0	1.0	1.0	1.0
Al	Cr.oh	3.2	-0.02	1.0	10.0	1.0	1.0	1.0
Al	Cr.th	3.2	-0.02	1.0	10.0	1.0	1.0	1.0
Al	Cu	3.2	-0.02	1.0	10.0	1.0	1.0	1.0
Al	F	3.2	1.0	1.0	10.0	1.0	1.0	1.0
Al	Fe	3.2	-0.02	1.0	10.0	1.0	1.0	1.0
Al	I	3.2	1.0	1.0	10.0	1.0	1.0	1.0
Al	K	3.2	-0.02	1.0	10.0	1.0	1.0	1.0
Al	Li	3.2	-0.02	1.0	10.0	1.0	1.0	1.0
Al	Mg	3.2	-0.02	1.0	10.0	1.0	1.0	1.0
Al	Mn	3.2	-0.02	1.0	10.0	1.0	1.0	1.0
Al	Mo	3.2	-0.02	1.0	10.0	1.0	1.0	1.0
Al	N.1	3.2	1.0	1.0	10.0	1.0	1.0	1.0
Al	N.2	3.2	1.0	1.0	10.0	1.0	1.0	1.0
Al	N.3	3.2	1.0	1.0	10.0	1.0	1.0	1.0
Al	N.4	3.2	-0.02	1.0	10.0	1.0	1.0	1.0
Al	Na	3.2	-0.02	1.0	10.0	1.0	1.0	1.0
Al	N.am	3.2	-0.02	1.0	10.0	1.0	1.0	1.0
Al	N.ar	3.2	1.0	1.0	10.0	1.0	1.0	1.0
Al	N.pl3	3.2	-0.02	1.0	10.0	1.0	1.0	1.0
Al	O.2	3.2	1.0	1.0	10.0	1.0	1.0	1.0
Al	O.3	3.2	1.0	1.0	10.0	1.0	1.0	1.0
Al	O.co2	3.2	1.0	1.0	10.0	1.0	1.0	1.0
Al	P.3	3.2	-0.02	1.0	10.0	1.0	1.0	1.0
Al	S.2	3.6	0.01	1.0	10.0	1.0	1.0	1.0
Al	S.3	3.6	0.01	1.0	10.0	1.0	1.0	1.0
Al	Se	3.6	0.01	1.0	10.0	1.0	1.0	1.0
Al	Si	3.6	0.01	1.0	10.0	1.0	1.0	1.0
Al	Sn	3.2	-0.02	1.0	10.0	1.0	1.0	1.0
Al	S.o	3.6	0.01	1.0	10.0	1.0	1.0	1.0
Al	S.o2	3.6	0.01	1.0	10.0	1.0	1.0	1.0
Al	Zn	3.2	-0.02	1.0	10.0	1.0	1.0	1.0
Br	Br	3.2	-0.01	1.0	10.0	1.0	1.0	1.0
Br	C.1	3.6	0.01	1.0	10.0	1.0	1.0	1.0
Br	C.2	3.6	0.01	1.0	10.0	1.0	1.0	1.0
Br	C.3	3.6	0.01	1.0	10.0	1.0	1.0	1.0
Br	Ca	3.2	1.0	1.0	10.0	1.0	1.0	1.0
Br	C.ar	3.6	0.01	1.0	10.0	1.0	1.0	1.0
Br	C.cat	3.2	1.0	1.0	10.0	1.0	1.0	1.0
Br	Cl	3.2	-0.01	1.0	10.0	1.0	1.0	1.0
Br	Co.oh	3.2	1.0	1.0	10.0	1.0	1.0	1.0
Br	Cr.oh	3.2	1.0	1.0	10.0	1.0	1.0	1.0
Br	Cr.th	3.2	1.0	1.0	10.0	1.0	1.0	1.0
Br	Cu	3.2	1.0	1.0	10.0	1.0	1.0	1.0
Br	F	3.2	-0.01	1.0	10.0	1.0	1.0	1.0
Br	Fe	3.2	1.0	1.0	10.0	1.0	1.0	1.0
Br	I	3.2	-0.01	1.0	10.0	1.0	1.0	1.0
Br	K	3.2	1.0	1.0	10.0	1.0	1.0	1.0
Br	Li	3.2	1.0	1.0	10.0	1.0	1.0	1.0
Br	Mg	3.2	1.0	1.0	10.0	1.0	1.0	1.0
Br	Mn	3.2	1.0	1.0	10.0	1.0	1.0	1.0
Br	Mo	3.2	1.0	1.0	10.0	1.0	1.0	1.0
Br	N.1	3.2	-0.01	1.0	10.0	1.0	1.0	1.0
Br	N.2	3.2	0.35	1.0	10.0	1.0	1.0	1.0
Br	N.3	3.2	0.35	1.0	10.0	1.0	1.0	1.0
Br	N.4	3.2	0.35	1.0	10.0	1.0	1.0	1.0
Br	Na	3.2	1.0	1.0	10.0	1.0	1.0	1.0
Br	N.am	3.2	0.35	1.0	10.0	1.0	1.0	1.0
Br	N.ar	3.2	-0.01	1.0	10.0	1.0	1.0	1.0
Br	N.pl3	3.2	0.35	1.0	10.0	1.0	1.0	1.0
Br	O.2	3.2	-0.01	1.0	10.0	1.0	1.0	1.0
Br	O.3	3.2	0.35	1.0	10.0	1.0	1.0	1.0
Br	O.co2	3.2	-0.01	1.0	10.0	1.0	1.0	1.0
Br	P.3	3.2	0.35	1.0	10.0	1.0	1.0	1.0
Br	S.2	3.6	0.01	1.0	10.0	1.0	1.0	1.0
Br	S.3	3.6	0.01	1.0	10.0	1.0	1.0	1.0
Br	Se	3.6	0.01	1.0	10.0	1.0	1.0	1.0
Br	Si	3.6	0.01	1.0	10.0	1.0	1.0	1.0
Br	Sn	3.2	1.0	1.0	10.0	1.0	1.0	1.0
Br	S.o	3.6	0.01	1.0	10.0	1.0	1.0	1.0
Br	S.o2	3.6	0.01	1.0	10.0	1.0	1.0	1.0
Br	Zn	3.2	1.0	1.0	10.0	1.0	1.0	1.0
C.1	C.1	3.6	0.07	1.0	10.0	1.0	1.0	1.0
C.1	C.2	3.6	0.07	1.0	10.0	1.0	1.0	1.0
C.1	C.3	3.6	0.07	1.0	10.0	1.0	1.0	1.0
C.1	Ca	3.6	0.01	1.0	10.0	1.0	1.0	1.0
C.1	C.ar	3.6	0.07	1.0	10.0	1.0	1.0	1.0
C.1	C.cat	3.6	0.01	1.0	10.0	1.0	1.0	1.0
C.1	Cl	3.6	0.01	1.0	10.0	1.0	1.0	1.0
C.1	Co.oh	3.6	0.01	1.0	10.0	1.0	1.0	1.0
C.1	Cr.oh	3.6	0.01	1.0	10.0	1.0	1.0	1.0
C.1	Cr.th	3.6	0.01	1.0	10.0	1.0	1.0	1.0
C.1	Cu	3.6	0.01	1.0	10.0	1.0	1.0	1.0
C.1	F	3.6	0.01	1.0	10.0	1.0	1.0	1.0
C.1	Fe	3.6	0.01	1.0	10.0	1.0	1.0	1.0
C.1	I	3.6	0.01	1.0	10.0	1.0	1.0	1.0
C.1	K	3.6	0.01	1.0	10.0	1.0	1.0	1.0
C.1	Li	3.6	0.01	1.0	10.0	1.0	1.0	1.0
C.1	Mg	3.6	0.01	1.0	10.0	1.0	1.0	1.0
C.1	Mn	3.6	0.01	1.0	10.0	1.0	1.0	1.0
C.1	Mo	3.6	0.01	1.0	10.0	1.0	1.0	1.0
C.1	N.1	3.6	0.01	1.0	10.0	1.0	1.0	1.0
C.1	N.2	3.6	0.01	1.0	10.0	1.0	1.0	1.0
C.1	N.3	3.6	0.01	1.0	10.0	1.0	1.0	1.0
C.1	N.4	3.6	0.01	1.0	10.0	1.0	1.0	1.0
C.1	Na	3.6	0.01	1.0	10.0	1.0	1.0	1.0
C.1	N.am	3.6	0.01	1.0	10.0	1.0	1.0	1.0
C.1	N.ar	3.6	0.01	1.0	10.0	1.0	1.0	1.0
C.1	N.pl3	3.6	0.01	1.0	10.0	1.0	1.0	1.0
C.1	O.2	3.6	0.01	1.0	10.0	1.0	1.0	1.0
C.1	O.3	3.6	0.01	1.0	10.0	1.0	1.0	1.0
C.1	O.co2	3.6	0.01	1.0	10.0	1.0	1.0	1.0
C.1	P.3	3.6	0.01	1.0	10.0	1.0	1.0	1.0
C.1	S.2	3.6	0.07	1.0	10.0	1.0	1.0	1.0
C.1	S.3	3.6	0.07	1.0	10.0	1.0	1.0	1.0
C.1	Se	3.6	0.07	1.0	10.0	1.0	1.0	1.0
C.1	Si	3.6	0.07	1.0	10.0	1.0	1.0	1.0
C.1	Sn	3.6	0.01	1.0	10.0	1.0	1.0	1.0
C.1	S.o	3.6	0.07	1.0	10.0	1.0	1.0	1.0
C.1	S.o2	3.6	0.07	1.0	10.0	1.0	1.0	1.0
C.1	Zn	3.6	0.01	1.0	10.0	1.0	1.0	1.0
C.2	C.2	3.6	0.07	1.0	10.0	1.0	1.0	1.0
C.2	C.3	3.6	0.07	1.0	10.0	1.0	1.0	1.0
C.2	Ca	3.6	0.01	1.0	10.0	1.0	1.0	1.0
C.2	C.ar	3.6	0.07	1.0	10.0	1.0	1.0	1.0
C.2	C.cat	3.6	0.01	1.0	10.0	1.0	1.0	1.0
C.2	Cl	3.6	0.01	1.0	10.0	1.0	1.0	1.0
C.2	Co.oh	3.6	0.01	1.0	10.0	1.0	1.0	1.0
C.2	Cr.oh	3.6	0.01	1.0	10.0	1.0	1.0	1.0
C.2	Cr.th	3.6	0.01	1.0	10.0	1.0	1.0	1.0
C.2	Cu	3.6	0.01	1.0	10.0	1.0	1.0	1.0
C.2	F	3.6	0.01	1.0	10.0	1.0	1.0	1.0
C.2	Fe	3.6	0.01	1.0	10.0	1.0	1.0	1.0
C.2	I	3.6	0.01	1.0	10.0	1.0	1.0	1.0
C.2	K	3.6	0.01	1.0	10.0	1.0	1.0	1.0
C.2	Li	3.6	0.01	1.0	10.0	1.0	1.0	1.0
C.2	Mg	3.6	0.01	1.0	10.0	1.0	1.0	1.0
C.2	Mn	3.6	0.01	1.0	10.0	1.0	1.0	1.0
C.2	Mo	3.6	0.01	1.0	10.0	1.0	1.0	1.0
C.2	N.1	3.6	0.01	1.0	10.0	1.0	1.0	1.0
C.2	N.2	3.6	0.01	1.0	10.0	1.0	1.0	1.0
C.2	N.3	3.6	0.01	1.0	10.0	1.0	1.0	1.0
C.2	N.4	3.6	0.01	1.0	10.0	1.0	1.0	1.0
C.2	Na	3.6	0.01	1.0	10.0	1.0	1.0	1.0
C.2	N.am	3.6	0.01	1.0	10.0	1.0	1.0	1.0
C.2	N.ar	3.6	0.01	1.0	10.0	1.0	1.0	1.0
C.2	N.pl3	3.6	0.01	1.0	10.0	1.0	1.0	1.0
C.2	O.2	3.6	0.01	1.0	10.0	1.0	1.0	1.0
C.2	O.3	3.6	0.01	1.0	10.0	1.0	1.0	1.0
C.2	O.co2	3.6	0.01	1.0	10.0	1.0	1.0	1.0
C.2	P.3	3.6	0.01	1.0	10.0	1.0	1.0	1.0
C.2	S.2	3.6	0.07	1.0	10.0	1.0	1.0	1.0
C.2	S.3	3.6	0.07	1.0	10.0	1.0	1.0	1.0
C.2	Se	3.6	0.07	1.0	10.0	1.0	1.0	1.0
C.2	Si	3.6	0.07	1.0	10.0	1.0	1.0	1.0
C.2	Sn	3.6	0.01	1.0	10.0	1.0	1.0	1.0
C.2	S.o	3.6	0.07	1.0	10.0	1.0	1.0	1.0
C.2	S.o2	3.6	0.07	1.0	10.0	1.0	1.0	1.0
C.2	Zn	3.6	0.01	1.0	10.0	1.0	1.0	1.0
C.3	C.3	3.6	0.07	1.0	10.0	1.0	1.0	1.0
C.3	Ca	3.6	0.01	1.0	10.0	1.0	1.0	1.0
C.3	C.ar	3.6	0.07	1.0	10.0	1.0	1.0	1.0
C.3	C.cat	3.6	0.01	1.0	10.0	1.0	1.0	1.0
C.3	Cl	3.6	0.01	1.0	10.0	1.0	1.0	1.0
C.3	Co.oh	3.6	0.01	1.0	10.0	1.0	1.0	1.0
C.3	Cr.oh	3.6	0.01	1.0	10.0	1.0	1.0	1.0
C.3	Cr.th	3.6	0.01	1.0	10.0	1.0	1.0	1.0
C.3	Cu	3.6	0.01	1.0	10.0	1.0	1.0	1.0
C.3	F	3.6	0.01	1.0	10.0	1.0	1.0	1.0
C.3	Fe	3.6	0.01	1.0	10.0	1.0	1.0	1.0
C.3	I	3.6	0.01	1.0	10.0	1.0	1.0	1.0
C.3	K	3.6	0.01	1.0	10.0	1.0	1.0	1.0
C.3	Li	3.6	0.01	1.0	10.0	1.0	1.0	1.0
C.3	Mg	3.6	0.01	1.0	10.0	1.0	1.0	1.0
C.3	Mn	3.6	0.01	1.0	10.0	1.0	1.0	1.0
C.3	Mo	3.6	0.01	1.0	10.0	1.0	1.0	1.0
C.3	N.1	3.6	0.01	1.0	10.0	1.0	1.0	1.0
C.3	N.2	3.6	0.01	1.0	10.0	1.0	1.0	1.0
C.3	N.3	3.6	0.01	1.0	10.0	1.0	1.0	1.0
C.3	N.4	3.6	0.01	1.0	10.0	1.0	1.0	1.0
C.3	Na	3.6	0.01	1.0	10.0	1.0	1.0	1.0
C.3	N.am	3.6	0.01	1.0	10.0	1.0	1.0	1.0
C.3	N.ar	3.6	0.01	1.0	10.0	1.0	1.0	1.0
C.3	N.pl3	3.6	0.01	1.0	10.0	1.0	1.0	1.0
C.3	O.2	3.6	0.01	1.0	10.0	1.0	1.0	1.0
C.3	O.3	3.6	0.01	1.0	10.0	1.0	1.0	1.0
C.3	O.co2	3.6	0.01	1.0	10.0	1.0	1.0	1.0
C.3	P.3	3.6	0.01	1.0	10.0	1.0	1.0	1.0
C.3	S.2	3.6	0.07	1.0	10.0	1.0	1.0	1.0
C.3	S.3	3.6	0.07	1.0	10.0	1.0	1.0	1.0
C.3	Se	3.6	0.07	1.0	10.0	1.0	1.0	1.0
C.3	Si	3.6	0.07	1.0	10.0	1.0	1.0	1.0
C.3	Sn	3.6	0.01	1.0	10.0	1.0	1.0	1.0
C.3	S.o	3.6	0.07	1.0	10.0	1.0	1.0	1.0
C.3	S.o2	3.6	0.07	1.0	10.0	1.0	1.0	1.0
C.3	Zn	3.6	0.01	1.0	10.0	1.0	1.0	1.0
Ca	Ca	3.2	-0.02	1.0	10.0	1.0	1.0	1.0
Ca	C.ar	3.6	0.01	1.0	10.0	1.0	1.0	1.0
Ca	C.cat	3.2	-0.02	1.0	10.0	1.0	1.0	1.0
Ca	Cl	3.2	1.0	1.0	10.0	1.0	1.0	1.0
Ca	Co.oh	3.2	-0.02	1.0	10.0	1.0	1.0	1.0
Ca	Cr.oh	3.2	-0.02	1.0	10.0	1.0	1.0	1.0
Ca	Cr.th	3.2	-0.02	1.0	10.0	1.0	1.0	1.0
Ca	Cu	3.2	-0.02	1.0	10.0	1.0	1.0	1.0
Ca	F	3.2	1.0	1.0	10.0	1.0	1.0	1.0
Ca	Fe	3.2	-0.02	1.0	10.0	1.0	1.0	1.0
Ca	I	3.2	1.0	1.0	10.0	1.0	1.0	1.0
Ca	K	3.2	-0.02	1.0	10.0	1.0	1.0	1.0
Ca	Li	3.2	-0.02	1.0	10.0	1.0	1.0	1.0
Ca	Mg	3.2	-0.02	1.0	10.0	1.0	1.0	1.0
Ca	Mn	3.2	-0.02	1.0	10.0	1.0	1.0	1.0
Ca	Mo	3.2	-0.02	1.0	10.0	1.0	1.0	1.0
Ca	N.1	3.2	1.0	1.0	10.0	1.0	1.0	1.0
Ca	N.2	3.2	1.0	1.0	10.0	1.0	1.0	1.0
Ca	N.3	3.2	1.0	1.0	10.0	1.0	1.0	1.0
Ca	N.4	3.2	-0.02	1.0	10.0	1.0	1.0	1.0
Ca	Na	3.2	-0.02	1.0	10.0	1.0	1.0	1.0
Ca	N.am	3.2	-0.02	1.0	10.0	1.0	1.0	1.0
Ca	N.ar	3.2	1.0	1.0	10.0	1.0	1.0	1.0
Ca	N.pl3	3.2	-0.02	1.0	10.0	1.0	1.0	1.0
Ca	O.2	3.2	1.0	1.0	10.0	1.0	1.0	1.0
Ca	O.3	3.2	1.0	1.0	10.0	1.0	1.0	1.0
Ca	O.co2	3.2	1.0	1.0	10.0	1.0	1.0	1.0
Ca	P.3	3.2	-0.02	1.0	10.0	1.0	1.0	1.0
Ca	S.2	3.6	0.01	1.0	10.0	1.0	1.0	1.0
Ca	S.3	3.6	0.01	1.0	10.0	1.0	1.0	1.0
Ca	Se	3.6	0.01	1.0	10.0	1.0	1.0	1.0
Ca	Si	3.6	0.01	1.0	10.0	1.0	1.0	1.0
Ca	Sn	3.2	-0.02	1.0	10.0	1.0	1.0	1.0
Ca	S.o	3.6	0.01	1.0	10.0	1.0	1.0	1.0
Ca	S.o2	3.6	0.01	1.0	10.0	1.0	1.0	1.0
Ca	Zn	3.2	-0.02	1.0	10.0	1.0	1.0	1.0
C.ar	C.ar	3.6	0.07	1.0	10.0	1.0	1.0	1.0
C.ar	C.cat	3.6	0.01	1.0	10.0	1.0	1.0	1.0
C.ar	Cl	3.6	0.01	1.0	10.0	1.0	1.0	1.0
C.ar	Co.oh	3.6	0.01	1.0	10.0	1.0	1.0	1.0
C.ar	Cr.oh	3.6	0.01	1.0	10.0	1.0	1.0	1.0
C.ar	Cr.th	3.6	0.01	1.0	10.0	1.0	1.0	1.0
C.ar	Cu	3.6	0.01	1.0	10.0	1.0	1.0	1.0
C.ar	F	3.6	0.01	1.0	10.0	1.0	1.0	1.0
C.ar	Fe	3.6	0.01	1.0	10.0	1.0	1.0	1.0
C.ar	I	3.6	0.01	1.0	10.0	1.0	1.0	1.0
C.ar	K	3.6	0.01	1.0	10.0	1.0	1.0	1.0
C.ar	Li	3.6	0.01	1.0	10.0	1.0	1.0	1.0
C.ar	Mg	3.6	0.01	1.0	10.0	1.0	1.0	1.0
C.ar	Mn	3.6	0.01	1.0	10.0	1.0	1.0	1.0
C.ar	Mo	3.6	0.01	1.0	10.0	1.0	1.0	1.0
C.ar	N.1	3.6	0.01	1.0	10.0	1.0	1.0	1.0
C.ar	N.2	3.6	0.01	1.0	10.0	1.0	1.0	1.0
C.ar	N.3	3.6	0.01	1.0	10.0	1.0	1.0	1.0
C.ar	N.4	3.6	0.01	1.0	10.0	1.0	1.0	1.0
C.ar	Na	3.6	0.01	1.0	10.0	1.0	1.0	1.0
C.ar	N.am	3.6	0.01	1.0	10.0	1.0	1.0	1.0
C.ar	N.ar	3.6	0.01	1.0	10.0	1.0	1.0	1.0
C.ar	N.pl3	3.6	0.01	1.0	10.0	1.0	1.0	1.0
C.ar	O.2	3.6	0.01	1.0	10.0	1.0	1.0	1.0
C.ar	O.3	3.6	0.01	1.0	10.0	1.0	1.0	1.0
C.ar	O.co2	3.6	0.01	1.0	10.0	1.0	1.0	1.0
C.ar	P.3	3.6	0.01	1.0	10.0	1.0	1.0	1.0
C.ar	S.2	3.6	0.07	1.0	10.0	1.0	1.0	1.0
C.ar	S.3	3.6	0.07	1.0	10.0	1.0	1.0	1.0
C.ar	Se	3.6	0.07	1.0	10.0	1.0	1.0	1.0
C.ar	Si	3.6	0.07	1.0	10.0	1.0	1.0	1.0
C.ar	Sn	3.6	0.01	1.0	10.0	1.0	1.0	1.0
C.ar	S.o	3.6	0.07	1.0	10.0	1.0	1.0	1.0
C.ar	S.o2	3.6	0.07	1.0	10.0	1.0	1.0	1.0
C.ar	Zn	3.6	0.01	1.0	10.0	1.0	1.0	1.0
C.cat	C.cat	3.2	-0.02	1.0	10.0	1.0	1.0	1.0
C.cat	Cl	3.2	1.0	1.0	10.0	1.0	1.0	1.0
C.cat	Co.oh	3.2	-0.02	1.0	10.0	1.0	1.0	1.0
C.cat	Cr.oh	3.2	-0.02	1.0	10.0	1.0	1.0	1.0
C.cat	Cr.th	3.2	-0.02	1.0	10.0	1.0	1.0	1.0
C.cat	Cu	3.2	-0.02	1.0	10.0	1.0	1.0	1.0
C.cat	F	3.2	1.0	1.0	10.0	1.0	1.0	1.0
C.cat	Fe	3.2	-0.02	1.0	10.0	1.0	1.0	1.0
C.cat	I	3.2	1.0	1.0	10.0	1.0	1.0	1.0
C.cat	K	3.2	-0.02	1.0	10.0	1.0	1.0	1.0
C.cat	Li	3.2	-0.02	1.0	10.0	1.0	1.0	1.0
C.cat	Mg	3.2	-0.02	1.0	10.0	1.0	1.0	1.0
C.cat	Mn	3.2	-0.02	1.0	10.0	1.0	1.0	1.0
C.cat	Mo	3.2	-0.02	1.0	10.0	1.0	1.0	1.0
C.cat	N.1	3.2	1.0	1.0	10.0	1.0	1.0	1.0
C.cat	N.2	3.2	1.0	1.0	10.0	1.0	1.0	1.0
C.cat	N.3	3.2	1.0	1.0	10.0	1.0	1.0	1.0
C.cat	N.4	3.2	-0.02	1.0	10.0	1.0	1.0	1.0
C.cat	Na	3.2	-0.02	1.0	10.0	1.0	1.0	1.0
C.cat	N.am	3.2	-0.02	1.0	10.0	1.0	1.0	1.0
C.cat	N.ar	3.2	1.0	1.0	10.0	1.0	1.0	1.0
C.cat	N.pl3	3.2	-0.02	1.0	10.0	1.0	1.0	1.0
C.cat	O.2	3.2	1.0	1.0	10.0	1.0	1.0	1.0
C.cat	O.3	3.2	1.0	1.0	10.0	1.0	1.0	1.0
C.cat	O.co2	3.2	1.0	1.0	10.0	1.0	1.0	1.0
C.cat	P.3	3.2	-0.02	1.0	10.0	1.0	1.0	1.0
C.cat	S.2	3.6	0.01	1.0	10.0	1.0	1.0	1.0
C.cat	S.3	3.6	0.01	1.0	10.0	1.0	1.0	1.0
C.cat	Se	3.6	0.01	1.0	10.0	1.0	1.0	1.0
C.cat	Si	3.6	0.01	1.0	10.0	1.0	1.0	1.0
C.cat	Sn	3.2	-0.02	1.0	10.0	1.0	1.0	1.0
C.cat	S.o	3.6	0.01	1.0	10.0	1.0	1.0	1.0
C.cat	S.o2	3.6	0.01	1.0	10.0	1.0	1.0	1.0
C.cat	Zn	3.2	-0.02	1.0	10.0	1.0	1.0	1.0
Cl	Cl	3.2	-0.01	1.0	10.0	1.0	1.0	1.0
Cl	Co.oh	3.2	1.0	1.0	10.0	1.0	1.0	1.0
Cl	Cr.oh	3.2	1.0	1.0	10.0	1.0	1.0	1.0
Cl	Cr.th	3.2	1.0	1.0	10.0	1.0	1.0	1.0
Cl	Cu	3.2	1.0	1.0	10.0	1.0	1.0	1.0
Cl	F	3.2	-0.01	1.0	10.0	1.0	1.0	1.0
Cl	Fe	3.2	1.0	1.0	10.0	1.0	1.0	1.0
Cl	I	3.2	-0.01	1.0	10.0	1.0	1.0	1.0
Cl	K	3.2	1.0	1.0	10.0	1.0	1.0	1.0
Cl	Li	3.2	1.0	1.0	10.0	1.0	1.0	1.0
Cl	Mg	3.2	1.0	1.0	10.0	1.0	1.0	1.0
Cl	Mn	3.2	1.0	1.0	10.0	1.0	1.0	1.0
Cl	Mo	3.2	1.0	1.0	10.0	1.0	1.0	1.0
Cl	N.1	3.2	-0.01	1.0	10.0	1.0	1.0	1.0
Cl	N.2	3.2	0.35	1.0	10.0	1.0	1.0	1.0
Cl	N.3	3.2	0.35	1.0	10.0	1.0	1.0	1.0
Cl	N.4	3.2	0.35	1.0	10.0	1.0	1.0	1.0
Cl	Na	3.2	1.0	1.0	10.0	1.0	1.0	1.0
Cl	N.am	3.2	0.35	1.0	10.0	1.0	1.0	1.0
Cl	N.ar	3.2	-0.01	1.0	10.0	1.0	1.0	1.0
Cl	N.pl3	3.2	0.35	1.0	10.0	1.0	1.0	1.0
Cl	O.2	3.2	-0.01	1.0	10.0	1.0	1.0	1.0
Cl	O.3	3.2	0.35	1.0	10.0	1.0	1.0	1.0
Cl	O.co2	3.2	-0.01	1.0	10.0	1.0	1.0	1.0
Cl	P.3	3.2	0.35	1.0	10.0	1.0	1.0	1.0
Cl	S.2	3.6	0.01	1.0	10.0	1.0	1.0	1.0
Cl	S.3	3.6	0.01	1.0	10.0	1.0	1.0	1.0
Cl	Se	3.6	0.01	1.0	10.0	1.0	1.0	1.0
Cl	Si	3.6	0.01	1.0	10.0	1.0	1.0	1.0
Cl	Sn	3.2	1.0	1.0	10.0	1.0	1.0	1.0
Cl	S.o	3.6	0.01	1.0	10.0	1.0	1.0	1.0
Cl	S.o2	3.6	0.01	1.0	10.0	1.0	1.0	1.0
Cl	Zn	3.2	1.0	1.0	10.0	1.0	1.0	1.0
Co.oh	Co.oh	3.2	-0.02	1.0	10.0	1.0	1.0	1.0
Co.oh	Cr.oh	3.2	-0.02	1.0	10.0	1.0	1.0	1.0
Co.oh	Cr.th	3.2	-0.02	1.0	10.0	1.0	1.0	1.0
Co.oh	Cu	3.2	-0.02	1.0	10.0	1.0	1.0	1.0
Co.oh	F	3.2	1.0	1.0	10.0	1.0	1.0	1.0
Co.oh	Fe	3.2	-0.02	1.0	10.0	1.0	1.0	1.0
Co.oh	I	3.2	1.0	1.0	10.0	1.0	1.0	1.0
Co.oh	K	3.2	-0.02	1.0	10.0	1.0	1.0	1.0
Co.oh	Li	3.2	-0.02	1.0	10.0	1.0	1.0	1.0
Co.oh	Mg	3.2	-0.02	1.0	10.0	1.0	1.0	1.0
Co.oh	Mn	3.2	-0.02	1.0	10.0	1.0	1.0	1.0
Co.oh	Mo	3.2	-0.02	1.0	10.0	1.0	1.0	1.0
Co.oh	N.1	3.2	1.0	1.0	10.0	1.0	1.0	1.0
Co.oh	N.2	3.2	1.0	1.0	10.0	1.0	1.0	1.0
Co.oh	N.3	3.2	1.0	1.0	10.0	1.0	1.0	1.0
Co.oh	N.4	3.2	-0.02	1.0	10.0	1.0	1.0	1.0
Co.oh	Na	3.2	-0.02	1.0	10.0	1.0	1.0	1.0
Co.oh	N.am	3.2	-0.02	1.0	10.0	1.0	1.0	1.0
Co.oh	N.ar	3.2	1.0	1.0	10.0	1.0	1.0	1.0
Co.oh	N.pl3	3.2	-0.02	1.0	10.0	1.0	1.0	1.0
Co.oh	O.2	3.2	1.0	1.0	10.0	1.0	1.0	1.0
Co.oh	O.3	3.2	1.0	1.0	10.0	1.0	1.0	1.0
Co.oh	O.co2	3.2	1.0	1.0	10.0	1.0	1.0	1.0
Co.oh	P.3	3.2	-0.02	1.0	10.0	1.0	1.0	1.0
Co.oh	S.2	3.6	0.01	1.0	10.0	1.0	1.0	1.0
Co.oh	S.3	3.6	0.01	1.0	10.0	1.0	1.0	1.0
Co.oh	Se	3.6	0.01	1.0	10.0	1.0	1.0	1.0
Co.oh	Si	3.6	0.01	1.0	10.0	1.0	1.0	1.0
Co.oh	Sn	3.2	-0.02	1.0	10.0	1.0	1.0	1.0
Co.oh	S.o	3.6	0.01	1.0	10.0	1.0	1.0	1.0
Co.oh	S.o2	3.6	0.01	1.0	10.0	1.0	1.0	1.0
Co.oh	Zn	3.2	-0.02	1.0	10.0	1.0	1.0	1.0
Cr.oh	Cr.oh	3.2	-0.02	1.0	10.0	1.0	1.0	1.0
Cr.oh	Cr.th	3.2	-0.02	1.0	10.0	1.0	1.0	1.0
Cr.oh	Cu	3.2	-0.02	1.0	10.0	1.0	1.0	1.0
Cr.oh	F	3.2	1.0	1.0	10.0	1.0	1.0	1.0
Cr.oh	Fe	3.2	-0.02	1.0	10.0	1.0	1.0	1.0
Cr.oh	I	3.2	1.0	1.0	10.0	1.0	1.0	1.0
Cr.oh	K	3.2	-0.02	1.0	10.0	1.0	1.0	1.0
Cr.oh	Li	3.2	-0.02	1.0	10.0	1.0	1.0	1.0
Cr.oh	Mg	3.2	-0.02	1.0	10.0	1.0	1.0	1.0
Cr.oh	Mn	3.2	-0.02	1.0	10.0	1.0	1.0	1.0
Cr.oh	Mo	3.2	-0.02	1.0	10.0	1.0	1.0	1.0
Cr.oh	N.1	3.2	1.0	1.0	10.0	1.0	1.0	1.0
Cr.oh	N.2	3.2	1.0	1.0	10.0	1.0	1.0	1.0
Cr.oh	N.3	3.2	1.0	1.0	10.0	1.0	1.0	1.0
Cr.oh	N.4	3.2	-0.02	1.0	10.0	1.0	1.0	1.0
Cr.oh	Na	3.2	-0.02	1.0	10.0	1.0	1.0	1.0
Cr.oh	N.am	3.2	-0.02	1.0	10.0	1.0	1.0	1.0
Cr.oh	N.ar	3.2	1.0	1.0	10.0	1.0	1.0	1.0
Cr.oh	N.pl3	3.2	-0.02	1.0	10.0	1.0	1.0	1.0
Cr.oh	O.2	3.2	1.0	1.0	10.0	1.0	1.0	1.0
Cr.oh	O.3	3.2	1.0	1.0	10.0	1.0	1.0	1.0
Cr.oh	O.co2	3.2	1.0	1.0	10.0	1.0	1.0	1.0
Cr.oh	P.3	3.2	-0.02	1.0	10.0	1.0	1.0	1.0
Cr.oh	S.2	3.6	0.01	1.0	10.0	1.0	1.0	1.0
Cr.oh	S.3	3.6	0.01	1.0	10.0	1.0	1.0	1.0
Cr.oh	Se	3.6	0.01	1.0	10.0	1.0	1.0	1.0
Cr.oh	Si	3.6	0.01	1.0	10.0	1.0	1.0	1.0
Cr.oh	Sn	3.2	-0.02	1.0	10.0	1.0	1.0	1.0
Cr.oh	S.o	3.6	0.01	1.0	10.0	1.0	1.0	1.0
Cr.oh	S.o2	3.6	0.01	1.0	10.0	1.0	1.0	1.0
Cr.oh	Zn	3.2	-0.02	1.0	10.0	1.0	1.0	1.0
Cr.th	Cr.th	3.2	-0.02	1.0	10.0	1.0	1.0	1.0
Cr.th	Cu	3.2	-0.02	1.0	10.0	1.0	1.0	1.0
Cr.th	F	3.2	1.0	1.0	10.0	1.0	1.0	1.0
Cr.th	Fe	3.2	-0.02	1.0	10.0	1.0	1.0	1.0
Cr.th	I	3.2	1.0	1.0	10.0	1.0	1.0	1.0
Cr.th	K	3.2	-0.02	1.0	10.0	1.0	1.0	1.0
Cr.th	Li	3.2	-0.02	1.0	10.0	1.0	1.0	1.0
Cr.th	Mg	3.2	-0.02	1.0	10.0	1.0	1.0	1.0
Cr.th	Mn	3.2	-0.02	1.0	10.0	1.0	1.0	1.0
Cr.th	Mo	3.2	-0.02	1.0	10.0	1.0	1.0	1.0
Cr.th	N.1	3.2	1.0	1.0	10.0	1.0	1.0	1.0
Cr.th	N.2	3.2	1.0	1.0	10.0	1.0	1.0	1.0
Cr.th	N.3	3.2	1.0	1.0	10.0	1.0	1.0	1.0
Cr.th	N.4	3.2	-0.02	1.0	10.0	1.0	1.0	1.0
Cr.th	Na	3.2	-0.02	1.0	10.0	1.0	1.0	1.0
Cr.th	N.am	3.2	-0.02	1.0	10.0	1.0	1.0	1.0
Cr.th	N.ar	3.2	1.0	1.0	10.0	1.0	1.0	1.0
Cr.th	N.pl3	3.2	-0.02	1.0	10.0	1.0	1.0	1.0
Cr.th	O.2	3.2	1.0	1.0	10.0	1.0	1.0	1.0
Cr.th	O.3	3.2	1.0	1.0	10.0	1.0	1.0	1.0
Cr.th	O.co2	3.2	1.0	1.0	10.0	1.0	1.0	1.0
Cr.th	P.3	3.2	-0.02	1.0	10.0	1.0	1.0	1.0
Cr.th	S.2	3.6	0.01	1.0	10.0	1.0	1.0	1.0
Cr.th	S.3	3.6	0.01	1.0	10.0	1.0	1.0	1.0
Cr.th	Se	3.6	0.01	1.0	10.0	1.0	1.0	1.0
Cr.th	Si	3.6	0.01	1.0	10.0	1.0	1.0	1.0
Cr.th	Sn	3.2	-0.02	1.0	10.0	1.0	1.0	1.0
Cr.th	S.o	3.6	0.01	1.0	10.0	1.0	1.0	1.0
Cr.th	S.o2	3.6	0.01	1.0	10.0	1.0	1.0	1.0
Cr.th	Zn	3.2	-0.02	1.0	10.0	1.0	1.0	1.0
Cu	Cu	3.2	-0.02	1.0	10.0	1.0	1.0	1.0
Cu	F	3.2	1.0	1.0	10.0	1.0	1.0	1.0
Cu	Fe	3.2	-0.02	1.0	10.0	1.0	1.0	1.0
Cu	I	3.2	1.0	1.0	10.0	1.0	1.0	1.0
Cu	K	3.2	-0.02	1.0	10.0	1.0	1.0	1.0
Cu	Li	3.2	-0.02	1.0	10.0	1.0	1.0	1.0
Cu	Mg	3.2	-0.02	1.0	10.0	1.0	1.0	1.0
Cu	Mn	3.2	-0.02	1.0	10.0	1.0	1.0	1.0
Cu	Mo	3.2	-0.02	1.0	10.0	1.0	1.0	1.0
Cu	N.1	3.2	1.0	1.0	10.0	1.0	1.0	1.0
Cu	N.2	3.2	1.0	1.0	10.0	1.0	1.0	1.0
Cu	N.3	3.2	1.0	1.0	10.0	1.0	1.0	1.0
Cu	N.4	3.2	-0.02	1.0	10.0	1.0	1.0	1.0
Cu	Na	3.2	-0.02	1.0	10.0	1.0	1.0	1.0
Cu	N.am	3.2	-0.02	1.0	10.0	1.0	1.0	1.0
Cu	N.ar	3.2	1.0	1.0	10.0	1.0	1.0	1.0
Cu	N.pl3	3.2	-0.02	1.0	10.0	1.0	1.0	1.0
Cu	O.2	3.2	1.0	1.0	10.0	1.0	1.0	1.0
Cu	O.3	3.2	1.0	1.0	10.0	1.0	1.0	1.0
Cu	O.co2	3.2	1.0	1.0	10.0	1.0	1.0	1.0
Cu	P.3	3.2	-0.02	1.0	10.0	1.0	1.0	1.0
Cu	S.2	3.6	0.01	1.0	10.0	1.0	1.0	1.0
Cu	S.3	3.6	0.01	1.0	10.0	1.0	1.0	1.0
Cu	Se	3.6	0.01	1.0	10.0	1.0	1.0	1.0
Cu	Si	3.6	0.01	1.0	10.0	1.0	1.0	1.0
Cu	Sn	3.2	-0.02	1.0	10.0	1.0	1.0	1.0
Cu	S.o	3.6	0.01	1.0	10.0	1.0	1.0	1.0
Cu	S.o2	3.6	0.01	1.0	10.0	1.0	1.0	1.0
Cu	Zn	3.2	-0.02	1.0	10.0	1.0	1.0	1.0
F	F	3.2	-0.01	1.0	10.0	1.0	1.0	1.0
F	Fe	3.2	1.0	1.0	10.0	1.0	1.0	1.0
F	I	3.2	-0.01	1.0	10.0	1.0	1.0	1.0
F	K	3.2	1.0	1.0	10.0	1.0	1.0	1.0
F	Li	3.2	1.0	1.0	10.0	1.0	1.0	1.0
F	Mg	3.2	1.0	1.0	10.0	1.0	1.0	1.0
F	Mn	3.2	1.0	1.0	10.0	1.0	1.0	1.0
F	Mo	3.2	1.0	1.0	10.0	1.0	1.0	1.0
F	N.1	3.2	-0.01	1.0	10.0	1.0	1.0	1.0
F	N.2	3.2	0.35	1.0	10.0	1.0	1.0	1.0
F	N.3	3.2	0.35	1.0	10.0	1.0	1.0	1.0
F	N.4	3.2	0.35	1.0	10.0	1.0	1.0	1.0
F	Na	3.2	1.0	1.0	10.0	1.0	1.0	1.0
F	N.am	3.2	0.35	1.0	10.0	1.0	1.0	1.0
F	N.ar	3.2	-0.01	1.0	10.0	1.0	1.0	1.0
F	N.pl3	3.2	0.35	1.0	10.0	1.0	1.0	1.0
F	O.2	3.2	-0.01	1.0	10.0	1.0	1.0	1.0
F	O.3	3.2	0.35	1.0	10.0	1.0	1.0	1.0
F	O.co2	3.2	-0.01	1.0	10.0	1.0	1.0	1.0
F	P.3	3.2	0.35	1.0	10.0	1.0	1.0	1.0
F	S.2	3.6	0.01	1.0	10.0	1.0	1.0	1.0
F	S.3	3.6	0.01	1.0	10.0	1.0	1.0	1.0
F	Se	3.6	0.01	1.0	10.0	1.0	1.0	1.0
F	Si	3.6	0.01	1.0	10.0	1.0	1.0	1.0
F	Sn	3.2	1.0	1.0	10.0	1.0	1.0	1.0
F	S.o	3.6	0.01	1.0	10.0	1.0	1.0	1.0
F	S.o2	3.6	0.01	1.0	10.0	1.0	1.0	1.0
F	Zn	3.2	1.0	1.0	10.0	1.0	1.0	1.0
Fe	Fe	3.2	-0.02	1.0	10.0	1.0	1.0	1.0
Fe	I	3.2	1.0	1.0	10.0	1.0	1.0	1.0
Fe	K	3.2	-0.02	1.0	10.0	1.0	1.0	1.0
Fe	Li	3.2	-0.02	1.0	10.0	1.0	1.0	1.0
Fe	Mg	3.2	-0.02	1.0	10.0	1.0	1.0	1.0
Fe	Mn	3.2	-0.02	1.0	10.0	1.0	1.0	1.0
Fe	Mo	3.2	-0.02	1.0	10.0	1.0	1.0	1.0
Fe	N.1	3.2	1.0	1.0	10.0	1.0	1.0	1.0
Fe	N.2	3.2	1.0	1.0	10.0	1.0	1.0	1.0
Fe	N.3	3.2	1.0	1.0	10.0	1.0	1.0	1.0
Fe	N.4	3.2	-0.02	1.0	10.0	1.0	1.0	1.0
Fe	Na	3.2	-0.02	1.0	10.0	1.0	1.0	1.0
Fe	N.am	3.2	-0.02	1.0	10.0	1.0	1.0	1.0
Fe	N.ar	3.2	1.0	1.0	10.0	1.0	1.0	1.0
Fe	N.pl3	3.2	-0.02	1.0	10.0	1.0	1.0	1.0
Fe	O.2	3.2	1.0	1.0	10.0	1.0	1.0	1.0
Fe	O.3	3.2	1.0	1.0	10.0	1.0	1.0	1.0
Fe	O.co2	3.2	1.0	1.0	10.0	1.0	1.0	1.0
Fe	P.3	3.2	-0.02	1.0	10.0	1.0	1.0	1.0
Fe	S.2	3.6	0.01	1.0	10.0	1.0	1.0	1.0
Fe	S.3	3.6	0.01	1.0	10.0	1.0	1.0	1.0
Fe	Se	3.6	0.01	1.0	10.0	1.0	1.0	1.0
Fe	Si	3.6	0.01	1.0	10.0	1.0	1.0	1.0
Fe	Sn	3.2	-0.02	1.0	10.0	1.0	1.0	1.0
Fe	S.o	3.6	0.01	1.0	10.0	1.0	1.0	1.0
Fe	S.o2	3.6	0.01	1.0	10.0	1.0	1.0	1.0
Fe	Zn	3.2	-0.02	1.0	10.0	1.0	1.0	1.0
I	I	3.2	-0.01	1.0	10.0	1.0	1.0	1.0
I	K	3.2	1.0	1.0	10.0	1.0	1.0	1.0
I	Li	3.2	1.0	1.0	10.0	1.0	1.0	1.0
I	Mg	3.2	1.0	1.0	10.0	1.0	1.0	1.0
I	Mn	3.2	1.0	1.0	10.0	1.0	1.0	1.0
I	Mo	3.2	1.0	1.0	10.0	1.0	1.0	1.0
I	N.1	3.2	-0.01	1.0	10.0	1.0	1.0	1.0
I	N.2	3.2	0.35	1.0	10.0	1.0	1.0	1.0
I	N.3	3.2	0.35	1.0	10.0	1.0	1.0	1.0
I	N.4	3.2	0.35	1.0	10.0	1.0	1.0	1.0
I	Na	3.2	1.0	1.0	10.0	1.0	1.0	1.0
I	N.am	3.2	0.35	1.0	10.0	1.0	1.0	1.0
I	N.ar	3.2	-0.01	1.0	10.0	1.0	1.0	1.0
I	N.pl3	3.2	0.35	1.0	10.0	1.0	1.0	1.0
I	O.2	3.2	-0.01	1.0	10.0	1.0	1.0	1.0
I	O.3	3.2	0.35	1.0	10.0	1.0	1.0	1.0
I	O.co2	3.2	-0.01	1.0	10.0	1.0	1.0	1.0
I	P.3	3.2	0.35	1.0	10.0	1.0	1.0	1.0
I	S.2	3.6	0.01	1.0	10.0	1.0	1.0	1.0
I	S.3	3.6	0.01	1.0	10.0	1.0	1.0	1.0
I	Se	3.6	0.01	1.0	10.0	1.0	1.0	1.0
I	Si	3.6	0.01	1.0	10.0	1.0	1.0	1.0
I	Sn	3.2	1.0	1.0	10.0	1.0	1.0	1.0
I	S.o	3.6	0.01	1.0	10.0	1.0	1.0	1.0
I	S.o2	3.6	0.01	1.0	10.0	1.0	1.0	1.0
I	Zn	3.2	1.0	1.0	10.0	1.0	1.0	1.0
K	K	3.2	-0.02	1.0	10.0	1.0	1.0	1.0
K	Li	3.2	-0.02	1.0	10.0	1.0	1.0	1.0
K	Mg	3.2	-0.02	1.0	10.0	1.0	1.0	1.0
K	Mn	3.2	-0.02	1.0	10.0	1.0	1.0	1.0
K	Mo	3.2	-0.02	1.0	10.0	1.0	1.0	1.0
K	N.1	3.2	1.0	1.0	10.0	1.0	1.0	1.0
K	N.2	3.2	1.0	1.0	10.0	1.0	1.0	1.0
K	N.3	3.2	1.0	1.0	10.0	1.0	1.0	1.0
K	N.4	3.2	-0.02	1.0	10.0	1.0	1.0	1.0
K	Na	3.2	-0.02	1.0	10.0	1.0	1.0	1.0
K	N.am	3.2	-0.02	1.0	10.0	1.0	1.0	1.0
K	N.ar	3.2	1.0	1.0	10.0	1.0	1.0	1.0
K	N.pl3	3.2	-0.02	1.0	10.0	1.0	1.0	1.0
K	O.2	3.2	1.0	1.0	10.0	1.0	1.0	1.0
K	O.3	3.2	1.0	1.0	10.0	1.0	1.0	1.0
K	O.co2	3.2	1.0	1.0	10.0	1.0	1.0	1.0
K	P.3	3.2	-0.02	1.0	10.0	1.0	1.0	1.0
K	S.2	3.6	0.01	1.0	10.0	1.0	1.0	1.0
K	S.3	3.6	0.01	1.0	10.0	1.0	1.0	1.0
K	Se	3.6	0.01	1.0	10.0	1.0	1.0	1.0
K	Si	3.6	0.01	1.0	10.0	1.0	1.0	1.0
K	Sn	3.2	-0.02	1.0	10.0	1.0	1.0	1.0
K	S.o	3.6	0.01	1.0	10.0	1.0	1.0	1.0
K	S.o2	3.6	0.01	1.0	10.0	1.0	1.0	1.0
K	Zn	3.2	-0.02	1.0	10.0	1.0	1.0	1.0
Li	Li	3.2	-0.02	1.0	10.0	1.0	1.0	1.0
Li	Mg	3.2	-0.02	1.0	10.0	1.0	1.0	1.0
Li	Mn	3.2	-0.02	1.0	10.0	1.0	1.0	1.0
Li	Mo	3.2	-0.02	1.0	10.0	1.0	1.0	1.0
Li	N.1	3.2	1.0	1.0	10.0	1.0	1.0	1.0
Li	N.2	3.2	1.0	1.0	10.0	1.0	1.0	1.0
Li	N.3	3.2	1.0	1.0	10.0	1.0	1.0	1.0
Li	N.4	3.2	-0.02	1.0	10.0	1.0	1.0	1.0
Li	Na	3.2	-0.02	1.0	10.0	1.0	1.0	1.0
Li	N.am	3.2	-0.02	1.0	10.0	1.0	1.0	1.0
Li	N.ar	3.2	1.0	1.0	10.0	1.0	1.0	1.0
Li	N.pl3	3.2	-0.02	1.0	10.0	1.0	1.0	1.0
Li	O.2	3.2	1.0	1.0	10.0	1.0	1.0	1.0
Li	O.3	3.2	1.0	1.0	10.0	1.0	1.0	1.0
Li	O.co2	3.2	1.0	1.0	10.0	1.0	1.0	1.0
Li	P.3	3.2	-0.02	1.0	10.0	1.0	1.0	1.0
Li	S.2	3.6	0.01	1.0	10.0	1.0	1.0	1.0
Li	S.3	3.6	0.01	1.0	10.0	1.0	1.0	1.0
Li	Se	3.6	0.01	1.0	10.0	1.0	1.0	1.0
Li	Si	3.6	0.01	1.0	10.0	1.0	1.0	1.0
Li	Sn	3.2	-0.02	1.0	10.0	1.0	1.0	1.0
Li	S.o	3.6	0.01	1.0	10.0	1.0	1.0	1.0
Li	S.o2	3.6	0.01	1.0	10.0	1.0	1.0	1.0
Li	Zn	3.2	-0.02	1.0	10.0	1.0	1.0	1.0
Mg	Mg	3.2	-0.02	1.0	10.0	1.0	1.0	1.0
Mg	Mn	3.2	-0.02	1.0	10.0	1.0	1.0	1.0
Mg	Mo	3.2	-0.02	1.0	10.0	1.0	1.0	1.0
Mg	N.1	3.2	1.0	1.0	10.0	1.0	1.0	1.0
Mg	N.2	3.2	1.0	1.0	10.0	1.0	1.0	1.0
Mg	N.3	3.2	1.0	1.0	10.0	1.0	1.0	1.0
Mg	N.4	3.2	-0.02	1.0	10.0	1.0	1.0	1.0
Mg	Na	3.2	-0.02	1.0	10.0	1.0	1.0	1.0
Mg	N.am	3.2	-0.02	1.0	10.0	1.0	1.0	1.0
Mg	N.ar	3.2	1.0	1.0	10.0	1.0	1.0	1.0
Mg	N.pl3	3.2	-0.02	1.0	10.0	1.0	1.0	1.0
Mg	O.2	3.2	1.0	1.0	10.0	1.0	1.0	1.0
Mg	O.3	3.2	1.0	1.0	10.0	1.0	1.0	1.0
Mg	O.co2	3.2	1.0	1.0	10.0	1.0	1.0	1.0
Mg	P.3	3.2	-0.02	1.0	10.0	1.0	1.0	1.0
Mg	S.2	3.6	0.01	1.0	10.0	1.0	1.0	1.0
Mg	S.3	3.6	0.01	1.0	10.0	1.0	1.0	1.0
Mg	Se	3.6	0.01	1.0	10.0	1.0	1.0	1.0
Mg	Si	3.6	0.01	1.0	10.0	1.0	1.0	1.0
Mg	Sn	3.2	-0.02	1.0	10.0	1.0	1.0	1.0
Mg	S.o	3.6	0.01	1.0	10.0	1.0	1.0	1.0
Mg	S.o2	3.6	0.01	1.0	10.0	1.0	1.0	1.0
Mg	Zn	3.2	-0.02	1.0	10.0	1.0	1.0	1.0
Mn	Mn	3.2	-0.02	1.0	10.0	1.0	1.0	1.0
Mn	Mo	3.2	-0.02	1.0	10.0	1.0	1.0	1.0
Mn	N.1	3.2	1.0	1.0	10.0	1.0	1.0	1.0
Mn	N.2	3.2	1.0	1.0	10.0	1.0	1.0	1.0
Mn	N.3	3.2	1.0	1.0	10.0	1.0	1.0	1.0
Mn	N.4	3.2	-0.02	1.0	10.0	1.0	1.0	1.0
Mn	Na	3.2	-0.02	1.0	10.0	1.0	1.0	1.0
Mn	N.am	3.2	-0.02	1.0	10.0	1.0	1.0	1.0
Mn	N.ar	3.2	1.0	1.0	10.0	1.0	1.0	1.0
Mn	N.pl3	3.2	-0.02	1.0	10.0	1.0	1.0	1.0
Mn	O.2	3.2	1.0	1.0	10.0	1.0	1.0	1.0
Mn	O.3	3.2	1.0	1.0	10.0	1.0	1.0	1.0
Mn	O.co2	3.2	1.0	1.0	10.0	1.0	1.0	1.0
Mn	P.3	3.2	-0.02	1.0	10.0	1.0	1.0	1.0
Mn	S.2	3.6	0.01	1.0	10.0	1.0	1.0	1.0
Mn	S.3	3.6	0.01	1.0	10.0	1.0	1.0	1.0
Mn	Se	3.6	0.01	1.0	10.0	1.0	1.0	1.0
Mn	Si	3.6	0.01	1.0	10.0	1.0	1.0	1.0
Mn	Sn	3.2	-0.02	1.0	10.0	1.0	1.0	1.0
Mn	S.o	3.6	0.01	1.0	10.0	1.0	1.0	1.0
Mn	S.o2	3.6	0.01	1.0	10.0	1.0	1.0	1.0
Mn	Zn	3.2	-0.02	1.0	10.0	1.0	1.0	1.0
Mo	Mo	3.2	-0.02	1.0	10.0	1.0	1.0	1.0
Mo	N.1	3.2	1.0	1.0	10.0	1.0	1.0	1.0
Mo	N.2	3.2	1.0	1.0	10.0	1.0	1.0	1.0
Mo	N.3	3.2	1.0	1.0	10.0	1.0	1.0	1.0
Mo	N.4	3.2	-0.02	1.0	10.0	1.0	1.0	1.0
Mo	Na	3.2	-0.02	1.0	10.0	1.0	1.0	1.0
Mo	N.am	3.2	-0.02	1.0	10.0	1.0	1.0	1.0
Mo	N.ar	3.2	1.0	1.0	10.0	1.0	1.0	1.0
Mo	N.pl3	3.2	-0.02	1.0	10.0	1.0	1.0	1.0
Mo	O.2	3.2	1.0	1.0	10.0	1.0	1.0	1.0
Mo	O.3	3.2	1.0	1.0	10.0	1.0	1.0	1.0
Mo	O.co2	3.2	1.0	1.0	10.0	1.0	1.0	1.0
Mo	P.3	3.2	-0.02	1.0	10.0	1.0	1.0	1.0
Mo	S.2	3.6	0.01	1.0	10.0	1.0	1.0	1.0
Mo	S.3	3.6	0.01	1.0	10.0	1.0	1.0	1.0
Mo	Se	3.6	0.01	1.0	10.0	1.0	1.0	1.0
Mo	Si	3.6	0.01	1.0	10.0	1.0	1.0	1.0
Mo	Sn	3.2	-0.02	1.0	10.0	1.0	1.0	1.0
Mo	S.o	3.6	0.01	1.0	10.0	1.0	1.0	1.0
Mo	S.o2	3.6	0.01	1.0	10.0	1.0	1.0	1.0
Mo	Zn	3.2	-0.02	1.0	10.0	1.0	1.0	1.0
N.1	N.1	3.2	-0.02	1.0	10.0	1.0	1.0	1.0
N.1	N.2	3.2	0.6	1.0	10.0	1.0	1.0	1.0
N.1	N.3	3.2	0.6	1.0	10.0	1.0	1.0	1.0
N.1	N.4	3.2	0.6	1.0	10.0	1.0	1.0	1.0
N.1	Na	3.2	1.0	1.0	10.0	1.0	1.0	1.0
N.1	N.am	3.2	0.6	1.0	10.0	1.0	1.0	1.0
N.1	N.ar	3.2	-0.02	1.0	10.0	1.0	1.0	1.0
N.1	N.pl3	3.2	0.6	1.0	10.0	1.0	1.0	1.0
N.1	O.2	3.2	-0.02	1.0	10.0	1.0	1.0	1.0
N.1	O.3	3.2	0.6	1.0	10.0	1.0	1.0	1.0
N.1	O.co2	3.2	-0.02	1.0	10.0	1.0	1.0	1.0
N.1	P.3	3.2	0.6	1.0	10.0	1.0	1.0	1.0
N.1	S.2	3.6	0.01	1.0	10.0	1.0	1.0	1.0
N.1	S.3	3.6	0.01	1.0	10.0	1.0	1.0	1.0
N.1	Se	3.6	0.01	1.0	10.0	1.0	1.0	1.0
N.1	Si	3.6	0.01	1.0	10.0	1.0	1.0	1.0
N.1	Sn	3.2	1.0	1.0	10.0	1.0	1.0	1.0
N.1	S.o	3.6	0.01	1.0	10.0	1.0	1.0	1.0
N.1	S.o2	3.6	0.01	1.0	10.0	1.0	1.0	1.0
N.1	Zn	3.2	1.0	1.0	10.0	1.0	1.0	1.0
N.2	N.2	3.2	0.6	1.0	10.0	1.0	1.0	1.0
N.2	N.3	3.2	0.6	1.0	10.0	1.0	1.0	1.0
N.2	N.4	3.2	0.6	1.0	10.0	1.0	1.0	1.0
N.2	Na	3.2	1.0	1.0	10.0	1.0	1.0	1.0
N.2	N.am	3.2	0.6	1.0	10.0	1.0	1.0	1.0
N.2	N.ar	3.2	0.6	1.0	10.0	1.0	1.0	1.0
N.2	N.pl3	3.2	0.6	1.0	10.0	1.0	1.0	1.0
N.2	O.2	3.2	0.6	1.0	10.0	1.0	1.0	1.0
N.2	O.3	3.2	0.6	1.0	10.0	1.0	1.0	1.0
N.2	O.co2	3.2	0.6	1.0	10.0	1.0	1.0	1.0
N.2	P.3	3.2	0.6	1.0	10.0	1.0	1.0	1.0
N.2	S.2	3.6	0.01	1.0	10.0	1.0	1.0	1.0
N.2	S.3	3.6	0.01	1.0	10.0	1.0	1.0	1.0
N.2	Se	3.6	0.01	1.0	10.0	1.0	1.0	1.0
N.2	Si	3.6	0.01	1.0	10.0	1.0	1.0	1.0
N.2	Sn	3.2	1.0	1.0	10.0	1.0	1.0	1.0
N.2	S.o	3.6	0.01	1.0	10.0	1.0	1.0	1.0
N.2	S.o2	3.6	0.01	1.0	10.0	1.0	1.0	1.0
N.2	Zn	3.2	1.0	1.0	10.0	1.0	1.0	1.0
N.3	N.3	3.2	0.6	1.0	10.0	1.0	1.0	1.0
N.3	N.4	3.2	0.6	1.0	10.0	1.0	1.0	1.0
N.3	Na	3.2	1.0	1.0	10.0	1.0	1.0	1.0
N.3	N.am	3.2	0.6	1.0	10.0	1.0	1.0	1.0
N.3	N.ar	3.2	0.6	1.0	10.0	1.0	1.0	1.0
N.3	N.pl3	3.2	0.6	1.0	10.0	1.0	1.0	1.0
N.3	O.2	3.2	0.6	1.0	10.0	1.0	1.0	1.0
N.3	O.3	3.2	0.6	1.0	10.0	1.0	1.0	1.0
N.3	O.co2	3.2	0.6	1.0	10.0	1.0	1.0	1.0
N.3	P.3	3.2	0.6	1.0	10.0	1.0	1.0	1.0
N.3	S.2	3.6	0.01	1.0	10.0	1.0	1.0	1.0
N.3	S.3	3.6	0.01	1.0	10.0	1.0	1.0	1.0
N.3	Se	3.6	0.01	1.0	10.0	1.0	1.0	1.0
N.3	Si	3.6	0.01	1.0	10.0	1.0	1.0	1.0
N.3	Sn	3.2	1.0	1.0	10.0	1.0	1.0	1.0
N.3	S.o	3.6	0.01	1.0	10.0	1.0	1.0	1.0
N.3	S.o2	3.6	0.01	1.0	10.0	1.0	1.0	1.0
N.3	Zn	3.2	1.0	1.0	10.0	1.0	1.0	1.0
N.4	N.4	3.2	-0.02	1.0	10.0	1.0	1.0	1.0
N.4	Na	3.2	-0.02	1.0	10.0	1.0	1.0	1.0
N.4	N.am	3.2	-0.02	1.0	10.0	1.0	1.0	1.0
N.4	N.ar	3.2	0.6	1.0	10.0	1.0	1.0	1.0
N.4	N.pl3	3.2	-0.02	1.0	10.0	1.0	1.0	1.0
N.4	O.2	3.2	0.6	1.0	10.0	1.0	1.0	1.0
N.4	O.3	3.2	0.6	1.0	10.0	1.0	1.0	1.0
N.4	O.co2	3.2	0.6	1.0	10.0	1.0	1.0	1.0
N.4	P.3	3.2	-0.02	1.0	10.0	1.0	1.0	1.0
N.4	S.2	3.6	0.01	1.0	10.0	1.0	1.0	1.0
N.4	S.3	3.6	0.01	1.0	10.0	1.0	1.0	1.0
N.4	Se	3.6	0.01	1.0	10.0	1.0	1.0	1.0
N.4	Si	3.6	0.01	1.0	10.0	1.0	1.0	1.0
N.4	Sn	3.2	-0.02	1.0	10.0	1.0	1.0	1.0
N.4	S.o	3.6	0.01	1.0	10.0	1.0	1.0	1.0
N.4	S.o2	3.6	0.01	1.0	10.0	1.0	1.0	1.0
N.4	Zn	3.2	-0.02	1.0	10.0	1.0	1.0	1.0
Na	Na	3.2	-0.02	1.0	10.0	1.0	1.0	1.0
Na	N.am	3.2	-0.02	1.0	10.0	1.0	1.0	1.0
Na	N.ar	3.2	1.0	1.0	10.0	1.0	1.0	1.0
Na	N.pl3	3.2	-0.02	1.0	10.0	1.0	1.0	1.0
Na	O.2	3.2	1.0	1.0	10.0	1.0	1.0	1.0
Na	O.3	3.2	1.0	1.0	10.0	1.0	1.0	1.0
Na	O.co2	3.2	1.0	1.0	10.0	1.0	1.0	1.0
Na	P.3	3.2	-0.02	1.0	10.0	1.0	1.0	1.0
Na	S.2	3.6	0.01	1.0	10.0	1.0	1.0	1.0
Na	S.3	3.6	0.01	1.0	10.0	1.0	1.0	1.0
Na	Se	3.6	0.01	1.0	10.0	1.0	1.0	1.0
Na	Si	3.6	0.01	1.0	10.0	1.0	1.0	1.0
Na	Sn	3.2	-0.02	1.0	10.0	1.0	1.0	1.0
Na	S.o	3.6	0.01	1.0	10.0	1.0	1.0	1.0
Na	S.o2	3.6	0.01	1.0	10.0	1.0	1.0	1.0
Na	Zn	3.2	-0.02	1.0	10.0	1.0	1.0	1.0
N.am	N.am	3.2	-0.02	1.0	10.0	1.0	1.0	1.0
N.am	N.ar	3.2	0.6	1.0	10.0	1.0	1.0	1.0
N.am	N.pl3	3.2	-0.02	1.0	10.0	1.0	1.0	1.0
N.am	O.2	3.2	0.6	1.0	10.0	1.0	1.0	1.0
N.am	O.3	3.2	0.6	1.0	10.0	1.0	1.0	1.0
N.am	O.co2	3.2	0.6	1.0	10.0	1.0	1.0	1.0
N.am	P.3	3.2	-0.02	1.0	10.0	1.0	1.0	1.0
N.am	S.2	3.6	0.01	1.0	10.0	1.0	1.0	1.0
N.am	S.3	3.6	0.01	1.0	10.0	1.0	1.0	1.0
N.am	Se	3.6	0.01	1.0	10.0	1.0	1.0	1.0
N.am	Si	3.6	0.01	1.0	10.0	1.0	1.0	1.0
N.am	Sn	3.2	-0.02	1.0	10.0	1.0	1.0	1.0
N.am	S.o	3.6	0.01	1.0	10.0	1.0	1.0	1.0
N.am	S.o2	3.6	0.01	1.0	10.0	1.0	1.0	1.0
N.am	Zn	3.2	-0.02	1.0	10.0	1.0	1.0	1.0
N.ar	N.ar	3.2	-0.02	1.0	10.0	1.0	1.0	1.0
N.ar	N.pl3	3.2	0.6	1.0	10.0	1.0	1.0	1.0
N.ar	O.2	3.2	-0.02	1.0	10.0	1.0	1.0	1.0
N.ar	O.3	3.2	0.6	1.0	10.0	1.0	1.0	1.0
N.ar	O.co2	3.2	-0.02	1.0	10.0	1.0	1.0	1.0
N.ar	P.3	3.2	0.6	1.0	10.0	1.0	1.0	1.0
N.ar	S.2	3.6	0.01	1.0	10.0	1.0	1.0	1.0
N.ar	S.3	3.6	0.01	1.0	10.0	1.0	1.0	1.0
N.ar	Se	3.6	0.01	1.0	10.0	1.0	1.0	1.0
N.ar	Si	3.6	0.01	1.0	10.0	1.0	1.0	1.0
N.ar	Sn	3.2	1.0	1.0	10.0	1.0	1.0	1.0
N.ar	S.o	3.6	0.01	1.0	10.0	1.0	1.0	1.0
N.ar	S.o2	3.6	0.01	1.0	10.0	1.0	1.0	1.0
N.ar	Zn	3.2	1.0	1.0	10.0	1.0	1.0	1.0
N.pl3	N.pl3	3.2	-0.02	1.0	10.0	1.0	1.0	1.0
N.pl3	O.2	3.2	0.6	1.0	10.0	1.0	1.0	1.0
N.pl3	O.3	3.2	0.6	1.0	10.0	1.0	1.0	1.0
N.pl3	O.co2	3.2	0.6	1.0	10.0	1.0	1.0	1.0
N.pl3	P.3	3.2	-0.02	1.0	10.0	1.0	1.0	1.0
N.pl3	S.2	3.6	0.01	1.0	10.0	1.0	1.0	1.0
N.pl3	S.3	3.6	0.01	1.0	10.0	1.0	1.0	1.0
N.pl3	Se	3.6	0.01	1.0	10.0	1.0	1.0	1.0
N.pl3	Si	3.6	0.01	1.0	10.0	1.0	1.0	1.0
N.pl3	Sn	3.2	-0.02	1.0	10.0	1.0	1.0	1.0
N.pl3	S.o	3.6	0.01	1.0	10.0	1.0	1.0	1.0
N.pl3	S.o2	3.6	0.01	1.0	10.0	1.0	1.0	1.0
N.pl3	Zn	3.2	-0.02	1.0	10.0	1.0	1.0	1.0
O.2	O.2	3.2	-0.02	1.0	10.0	1.0	1.0	1.0
O.2	O.3	3.2	0.6	1.0	10.0	1.0	1.0	1.0
O.2	O.co2	3.2	-0.02	1.0	10.0	1.0	1.0	1.0
O.2	P.3	3.2	0.6	1.0	10.0	1.0	1.0	1.0
O.2	S.2	3.6	0.01	1.0	10.0	1.0	1.0	1.0
O.2	S.3	3.6	0.01	1.0	10.0	1.0	1.0	1.0
O.2	Se	3.6	0.01	1.0	10.0	1.0	1.0	1.0
O.2	Si	3.6	0.01	1.0	10.0	1.0	1.0	1.0
O.2	Sn	3.2	1.0	1.0	10.0	1.0	1.0	1.0
O.2	S.o	3.6	0.01	1.0	10.0	1.0	1.0	1.0
O.2	S.o2	3.6	0.01	1.0	10.0	1.0	1.0	1.0
O.2	Zn	3.2	1.0	1.0	10.0	1.0	1.0	1.0
O.3	O.3	3.2	0.6	1.0	10.0	1.0	1.0	1.0
O.3	O.co2	3.2	0.6	1.0	10.0	1.0	1.0	1.0
O.3	P.3	3.2	0.6	1.0	10.0	1.0	1.0	1.0
O.3	S.2	3.6	0.01	1.0	10.0	1.0	1.0	1.0
O.3	S.3	3.6	0.01	1.0	10.0	1.0	1.0	1.0
O.3	Se	3.6	0.01	1.0	10.0	1.0	1.0	1.0
O.3	Si	3.6	0.01	1.0	10.0	1.0	1.0	1.0
O.3	Sn	3.2	1.0	1.0	10.0	1.0	1.0	1.0
O.3	S.o	3.6	0.01	1.0	10.0	1.0	1.0	1.0
O.3	S.o2	3.6	0.01	1.0	10.0	1.0	1.0	1.0
O.3	Zn	3.2	1.0	1.0	10.0	1.0	1.0	1.0
O.co2	O.co2	3.2	-0.02	1.0	10.0	1.0	1.0	1.0
O.co2	P.3	3.2	0.6	1.0	10.0	1.0	1.0	1.0
O.co2	S.2	3.6	0.01	1.0	10.0	1.0	1.0	1.0
O.co2	S.3	3.6	0.01	1.0	10.0	1.0	1.0	1.0
O.co2	Se	3.6	0.01	1.0	10.0	1.0	1.0	1.0
O.co2	Si	3.6	0.01	1.0	10.0	1.0	1.0	1.0
O.co2	Sn	3.2	1.0	1.0	10.0	1.0	1.0	1.0
O.co2	S.o	3.6	0.01	1.0	10.0	1.0	1.0	1.0
O.co2	S.o2	3.6	0.01	1.0	10.0	1.0	1.0	1.0
O.co2	Zn	3.2	1.0	1.0	10.0	1.0	1.0	1.0
P.3	P.3	3.2	-0.02	1.0	10.0	1.0	1.0	1.0
P.3	S.2	3.6	0.01	1.0	10.0	1.0	1.0	1.0
P.3	S.3	3.6	0.01	1.0	10.0	1.0	1.0	1.0
P.3	Se	3.6	0.01	1.0	10.0	1.0	1.0	1.0
P.3	Si	3.6	0.01	1.0	10.0	1.0	1.0	1.0
P.3	Sn	3.2	-0.02	1.0	10.0	1.0	1.0	1.0
P.3	S.o	3.6	0.01	1.0	10.0	1.0	1.0	1.0
P.3	S.o2	3.6	0.01	1.0	10.0	1.0	1.0	1.0
P.3	Zn	3.2	-0.02	1.0	10.0	1.0	1.0	1.0
S.2	S.2	3.6	0.07	1.0	10.0	1.0	1.0	1.0
S.2	S.3	3.6	0.07	1.0	10.0	1.0	1.0	1.0
S.2	Se	3.6	0.07	1.0	10.0	1.0	1.0	1.0
S.2	Si	3.6	0.07	1.0	10.0	1.0	1.0	1.0
S.2	Sn	3.6	0.01	1.0	10.0	1.0	1.0	1.0
S.2	S.o	3.6	0.07	1.0	10.0	1.0	1.0	1.0
S.2	S.o2	3.6	0.07	1.0	10.0	1.0	1.0	1.0
S.2	Zn	3.6	0.01	1.0	10.0	1.0	1.0	1.0
S.3	S.3	3.6	0.07	1.0	10.0	1.0	1.0	1.0
S.3	Se	3.6	0.07	1.0	10.0	1.0	1.0	1.0
S.3	Si	3.6	0.07	1.0	10.0	1.0	1.0	1.0
S.3	Sn	3.6	0.01	1.0	10.0	1.0	1.0	1.0
S.3	S.o	3.6	0.07	1.0	10.0	1.0	1.0	1.0
S.3	S.o2	3.6	0.07	1.0	10.0	1.0	1.0	1.0
S.3	Zn	3.6	0.01	1.0	10.0	1.0	1.0	1.0
Se	Se	3.6	0.07	1.0	10.0	1.0	1.0	1.0
Se	Si	3.6	0.07	1.0	10.0	1.0	1.0	1.0
Se	Sn	3.6	0.01	1.0	10.0	1.0	1.0	1.0
Se	S.o	3.6	0.07	1.0	10.0	1.0	1.0	1.0
Se	S.o2	3.6	0.07	1.0	10.0	1.0	1.0	1.0
Se	Zn	3.6	0.01	1.0	10.0	1.0	1.0	1.0
Si	Si	3.6	0.07	1.0	10.0	1.0	1.0	1.0
Si	Sn	3.6	0.01	1.0	10.0	1.0	1.0	1.0
Si	S.o	3.6	0.07	1.0	10.0	1.0	1.0	1.0
Si	S.o2	3.6	0.07	1.0	10.0	1.0	1.0	1.0
Si	Zn	3.6	0.01	1.0	10.0	1.0	1.0	1.0
Sn	Sn	3.2	-0.02	1.0	10.0	1.0	1.0	1.0
Sn	S.o	3.6	0.01	1.0	10.0	1.0	1.0	1.0
Sn	S.o2	3.6	0.01	1.0	10.0	1.0	1.0	1.0
Sn	Zn	3.2	-0.02	1.0	10.0	1.0	1.0	1.0
S.o	S.o	3.6	0.07	1.0	10.0	1.0	1.0	1.0
S.o	S.o2	3.6	0.07	1.0	10.0	1.0	1.0	1.0
S.o	Zn	3.6	0.01	1.0	10.0	1.0	1.0	1.0
S.o2	S.o2	3.6	0.07	1.0	10.0	1.0	1.0	1.0
S.o2	Zn	3.6	0.01	1.0	10.0	1.0	1.0	1.0
Zn	Zn	3.2	-0.02	1.0	10.0	1.0	1.0	1.0
